1249451506
1249456730
1249562997
1249642078
1249725501
1249729836
1249745901
1249806663
1249820224
1249893027
1249979039
1250092032
1250171048
1250305222
1250318935
1250331720
1250401773
1250415916
1250432512
1250449790
1250454839
1250459780
1250521211
1250599565
1250606680
1250626820
1250692848
1250711476
1250787442
1250800530
1250808078
1250863481
1250888752
1250947871
1250965420
1250979634
1251041720
1251045538
1251206813
1251243401
1251306777
1251374512
1251383998
1251389931
1251390893
1251398039
1251411238
1251416439
1251426590
1251429377
1251468054
1251471139
1251549333
1251558167
1251647170
1251738579
1251823656
1251837435
1251843795
1251845406
1251910100
1251929451
1252003380
1252007496
1252009978
1252076219
1252096394
1252109893
1252193585
1252195363
1252266989
1252279307
1252285807
1252335931
1252345224
1252348200
1252366568
1252368863
1252426649
1252455618
1252517102
1252524239
1252529271
1252532623
1252538240
1252545213
1252593247
1252598583
1252676077
1252678789
1252682078
1252703397
