1249437106
1249442330
1249548597
1249627678
1249711101
1249715436
1249731501
1249792263
1249805824
1249878627
1249964639
1250077632
1250156648
1250290822
1250304535
1250317320
1250387373
1250401516
1250418112
1250435390
1250440439
1250445380
1250506811
1250585165
1250592280
1250612420
1250678448
1250697076
1250773042
1250786130
1250793678
1250849081
1250874352
1250933471
1250951020
1250965234
1251027320
1251031138
1251192413
1251229001
1251292377
1251360112
1251369598
1251375531
1251376493
1251383639
1251396838
1251402039
1251412190
1251414977
1251453654
1251456739
1251534933
1251543767
1251632770
1251724179
1251809256
1251823035
1251829395
1251831006
1251895700
1251915051
1251988980
1251993096
1251995578
1252061819
1252081994
1252095493
1252179185
1252180963
1252252589
1252264907
1252271407
1252321531
1252330824
1252333800
1252352168
1252354463
1252412249
1252441218
1252502702
1252509839
1252514871
1252518223
1252523840
1252530813
1252578847
1252584183
1252661677
1252664389
1252667678
1252688997
