1370015430
1370015494
1370015539
1370015552
1370015596
1370018279
1370021105
1370021373
1370021730
1370022540
1370023211
1370024415
1370025247
1370026041
1370028218
1370031728
1370033768
1370033837
1370055531
1370077239
1370084789
1370092333
1370093196
1370094205
1370094888
1370095413
1370095544
1370095945
1370096979
1370097569
1370097757
1370097771
1370097797
1370098974
1370100753
1370101772
1370102174
1370102297
1370102624
1370103320
1370104060
1370104657
1370105258
1370108624
1370112760
1370113744
1370114384
1370115057
1370115128
1370115430
1370115848
1370119594
